kp=[0.66975843, 0.61314846, 0.63197101, 0.60802831, 0.64735765,...
       0.63310016, 0.66355802, 0.6080581 , 0.64304216, 0.61005136,...
       0.62709725, 0.66283123, 0.67236532, 0.63592666, 0.64643762,...
       0.60865505, 0.64641757, 0.62209768, 0.61233552, 0.61185923,...
       0.65362503, 0.61002285, 0.67588205, 0.60758455, 0.6202712 ,...
       0.61006419, 0.6097134 , 0.61107888, 0.61512562, 0.61321614,...
       0.63695341, 0.60755739, 0.62090951, 0.61885756, 0.60781244,...
       0.60997403, 0.67286211, 0.65837842, 0.60717683, 0.65009351,...
       0.66653812, 0.61127396, 0.60983806, 0.64665444, 0.60918254,...
       0.66255639, 0.65178607, 0.60940753, 0.61459207, 0.62411793,...
       0.60971711, 0.66574178, 0.63998292, 0.63635537, 0.64853432,...
       0.65019379, 0.61316271, 0.6092904 , 0.61449439, 0.65975194,...
       0.65947308, 0.63333611, 0.60941251, 0.60828115, 0.65583995,...
       0.66594402, 0.60820478, 0.61706829, 0.60900883, 0.61672509,...
       0.67578787, 0.61267571, 0.61337353, 0.67434865, 0.6466392 ,...
       0.60714871, 0.61227904, 0.66053272, 0.66261113, 0.64128563,...
       0.65840783, 0.61485455, 0.66764049, 0.61069476, 0.63528656,...
       0.61695353, 0.6182311 , 0.61070441, 0.60958895, 0.61902991,...
       0.67756559, 0.61032721, 0.66934538, 0.61028047, 0.6474404 ,...
       0.63433621, 0.66442363, 0.65863473, 0.61503968, 0.6086325 ,...
       0.67314276, 0.65111742, 0.61051044, 0.60989789, 0.66383011,...
       0.60833779, 0.66822883, 0.64598169, 0.61225939, 0.61665872,...
       0.65820032, 0.66591757, 0.63399385, 0.61704221, 0.63332492,...
       0.60923662, 0.65207338, 0.64944644, 0.60962825, 0.60788438,...
       0.61102253, 0.61444736, 0.67566238, 0.60057001, 0.61068953,...
       0.6129254 , 0.65156218, 0.64044061, 0.60683103, 0.61032973,...
       0.6411706 , 0.64714657, 0.61250179, 0.65780809, 0.64415478,...
       0.66971587, 0.61130028, 0.62647781, 0.60851455, 0.66065042,...
       0.60949202, 0.62002908, 0.60964253, 0.66150456, 0.65307772,...
       0.64654196, 0.67592335, 0.65547878, 0.61678863, 0.61108456,...
       0.6238513 , 0.62021233, 0.61397172, 0.61136398, 0.63666506,...
       0.61198417, 0.63450615, 0.61319573, 0.60859962, 0.64521225,...
       0.60098254, 0.65869032, 0.62984448, 0.6077761 , 0.60935699,...
       0.60810741, 0.67689369, 0.59544986, 0.6429831 , 0.66802722,...
       0.6776551 , 0.61794294, 0.61000898, 0.66161669, 0.60694344,...
       0.65507648, 0.60940866, 0.59314172, 0.61542706, 0.60987243,...
       0.59856164, 0.60618227, 0.67750036, 0.63626063, 0.611004  ,...
       0.60960609, 0.65456808, 0.66116731, 0.61149429, 0.67277675,...
       0.6120425 , 0.66705364, 0.61046144, 0.67447621, 0.65285224,...
       0.61006335, 0.61006909, 0.64334929, 0.60708522, 0.61690594];


Mpp=  [1.88313573, 0.62013248, 0.95051332, 0.80357362, 1.8429524 ,...
       1.46130175, 1.82570876, 0.65340011, 1.41563508, 0.53906836,...
       0.53450865, 1.85578771, 1.87230646, 0.96546228, 1.65314628,...
       0.59666359, 1.11383701, 1.07559676, 0.92052357, 0.84955595,...
       1.36598025, 0.80922944, 1.93464033, 0.64797448, 0.82825088,...
       0.72218932, 0.45362735, 0.59296371, 1.16713873, 0.64512933,...
       0.87005953, 0.73341734, 1.12485489, 0.92161363, 0.61507388,...
       0.63685801, 1.79654171, 1.9490916 , 0.58112118, 1.87748183,...
       1.90850751, 1.05602955, 0.58019126, 0.93095635, 0.58033902,...
       1.3787394 , 1.26248533, 0.48584545, 1.42854954, 1.93260763,...
       0.68231354, 1.68910567, 0.87773214, 1.57462397, 1.35357554,...
       1.45881128, 0.58100845, 0.69056316, 0.86363043, 1.56112493,...
       1.41723057, 1.39325513, 0.43219856, 0.55135035, 1.9827437 ,...
       1.59124811, 0.47141144, 0.76439988, 0.62514554, 0.71989789,...
       1.93275086, 0.57927107, 0.60315403, 1.9117439 , 1.6588422 ,...
       1.37692006, 0.60905041, 1.41059516, 1.86479736, 1.24272249,...
       1.54147104, 1.1235834 , 1.88134031, 0.58648506, 0.82697599,...
       0.75649413, 0.96134669, 0.67126607, 0.57848618, 1.92306501,...
       1.82024574, 0.93466161, 1.52742749, 0.98850205, 1.2096088 ,...
       0.86726057, 1.80773353, 1.66783426, 0.65902147, 0.5042585 ,...
       1.68916621, 1.22958579, 0.68251727, 0.65918069, 1.64774796,...
       0.71630987, 1.69039569, 1.72569178, 0.54114456, 0.88558153,...
       1.55196096, 1.51363424, 0.78009011, 0.77429227, 1.91534334,...
       0.48092714, 1.25133911, 1.76590268, 0.50946521, 0.60874898,...
       0.50345882, 0.77597032, 1.8009579 , 0.55749819, 0.67969055,...
       0.62161322, 1.70261485, 1.02920902, 0.73899188, 0.53561765,...
       1.50581915, 1.18911812, 0.68615825, 1.90601045, 1.10296069,...
       1.61357365, 1.23526447, 0.90318345, 0.87503407, 1.38549764,...
       0.93022901, 0.95189507, 0.84046752, 1.81894438, 1.25723018,...
       1.08550837, 1.93319474, 1.2920518 , 1.17156573, 0.52584459,...
       1.44912149, 1.92261419, 0.60489936, 0.51030021, 0.87495902,...
       0.76529595, 1.66645701, 0.80197067, 0.51502418, 1.38932546,...
       0.5327301 , 1.7213682 , 1.94722412, 0.67241201, 0.62182201,...
       0.52431151, 1.99703995, 0.28926219, 1.45086069, 1.58548003,...
       1.82790247, 1.62794752, 1.12789907, 1.86025526, 0.66631449,...
       1.77998359, 0.60406284, 1.534183  , 0.83851826, 0.49274671,...
       0.26809975, 0.70775418, 1.86820411, 0.73155854, 0.70181813,...
       0.64279957, 1.42727464, 1.80049228, 0.6454778 , 1.97209122,...
       0.53547931, 1.5907108 , 0.53414162, 1.97041155, 1.40902241,...
       0.69552848, 0.47839546, 1.56233536, 0.57376964, 0.82133327];

